15 25 
-0.150909 -0.174250 -0.082090 -0.112317 -0.192524 -0.073050 0.050913 -0.057234 -0.123569 -0.121692 -0.196056 -0.361405 -0.275830 -0.133936 -0.146595 -0.138906 -0.035987 -0.114565 -0.162502 -0.253186 -0.229418 -0.342536 -0.220591 -0.195298 0.015348 
-0.094135 -0.107728 -0.013188 -0.021200 -0.119017 -0.082595 0.019685 -0.121469 -0.167652 -0.086618 -0.138416 -0.324520 -0.229628 -0.086384 -0.175048 -0.180099 -0.011098 -0.049301 -0.148200 -0.175356 -0.151612 -0.262504 -0.233399 -0.173081 -0.034432 
-0.216277 -0.142929 -0.067760 -0.080649 -0.157643 -0.072318 -0.063687 -0.151082 -0.141661 -0.058299 -0.104338 -0.249401 -0.147508 -0.085548 -0.149804 -0.144163 0.021582 -0.051979 -0.096849 -0.138571 -0.145910 -0.209027 -0.212291 -0.165321 -0.018982 
-0.071085 0.023291 0.052680 0.076347 -0.036863 0.014106 -0.003670 -0.054667 -0.013655 0.035680 -0.012310 -0.125973 -0.068007 -0.043391 -0.067634 -0.006306 0.132271 0.122965 0.046186 0.006723 -0.066838 -0.137977 -0.251696 -0.223630 -0.153600 
-0.042568 -0.028399 0.036148 0.037442 -0.042291 0.020287 0.000667 -0.079402 -0.047033 0.037014 -0.076265 -0.072927 -0.006656 -0.010932 -0.046582 0.069024 0.096759 0.107445 0.121017 0.093367 -0.000189 -0.005289 -0.134362 -0.146761 -0.159450 
0.094175 0.161570 0.142921 0.180665 0.097120 0.068096 -0.049601 -0.047607 -0.015757 0.027841 -0.049898 -0.035469 -0.011492 -0.089300 -0.122502 -0.014478 0.034435 0.004571 0.018866 0.063504 -0.002011 -0.032110 -0.119738 -0.107505 -0.189792 
0.171979 0.228875 0.163618 0.159268 0.068021 0.044516 -0.128371 -0.076042 -0.012563 -0.067706 -0.098921 0.015532 0.002693 -0.106528 -0.040224 0.070534 0.043574 0.044307 0.099042 0.074274 -0.038195 -0.035435 -0.091290 -0.109214 -0.123102 
0.350082 0.299348 0.271320 0.252476 0.149798 0.120227 0.066106 0.055042 0.083845 -0.054626 -0.156937 -0.071639 -0.142998 -0.192979 -0.124202 -0.010704 -0.091900 0.011330 0.031989 0.081572 0.011106 -0.017477 -0.074853 -0.086545 -0.183319 
0.288867 0.227430 0.206130 0.148131 0.063594 0.029560 -0.039656 -0.092042 -0.059120 -0.147180 -0.222244 -0.138893 -0.121074 -0.127202 -0.095047 0.024300 -0.004139 0.033313 0.081302 0.082883 0.029111 0.030598 0.030983 0.011937 0.002508 
0.215488 0.230116 0.205110 0.197702 0.186960 0.126675 0.037123 0.004178 0.052805 -0.094746 -0.132228 -0.117634 -0.174402 -0.184270 -0.136754 -0.041582 0.033486 0.084354 0.037344 0.026284 0.029306 -0.058356 -0.017855 0.008640 0.030931 
0.058512 0.086320 0.133544 0.176011 0.132172 0.116131 0.048567 -0.016281 0.041242 -0.113731 -0.109320 -0.112083 -0.196608 -0.225142 -0.099278 -0.011354 0.082629 0.143088 0.174244 0.098359 0.046334 0.012662 0.011845 -0.033092 0.022797 
-0.000936 0.031546 0.071650 0.100274 0.142613 0.094596 0.085302 0.034344 0.108140 -0.018687 -0.033484 -0.135728 -0.170120 -0.249765 -0.134487 -0.003852 0.160915 0.113431 0.159540 0.055772 0.054153 -0.051814 0.018402 -0.009556 0.043610 
-0.200156 -0.075274 -0.024908 0.048605 0.134263 0.105099 0.006734 -0.065744 -0.023251 -0.092992 -0.043131 -0.128655 -0.127691 -0.208787 -0.060515 0.053622 0.277729 0.163757 0.243502 0.067964 0.069270 -0.040350 0.108879 0.086673 0.182183 
-0.236079 -0.083711 -0.018941 0.076576 0.152556 0.126333 0.002766 -0.073660 -0.047220 -0.108791 -0.019578 -0.115811 -0.145966 -0.273121 -0.091722 0.000581 0.249550 0.134813 0.224800 0.065958 0.083884 -0.078363 0.098368 0.098506 0.154314 
-0.219505 -0.080421 -0.018477 0.051998 0.078333 0.045135 -0.068519 -0.146444 -0.103344 -0.129502 -0.028031 -0.134852 -0.119938 -0.288062 -0.060275 0.018724 0.254613 0.101783 0.269212 0.060307 0.079107 -0.023600 0.173372 0.164226 0.276111 
